# step avg_reward percentage_opt_action
0 -0.030609 0.093000
1 0.265076 0.147000
2 0.412508 0.182000
3 0.598878 0.216000
4 0.628693 0.226000
5 0.609852 0.242000
6 0.723738 0.249000
7 0.759436 0.267000
8 0.706132 0.274000
9 0.806615 0.294000
10 0.826291 0.295000
11 0.905833 0.307000
12 0.930243 0.326000
13 0.882442 0.320000
14 0.923336 0.333000
15 0.916339 0.333000
16 0.936156 0.354000
17 0.957170 0.339000
18 0.963242 0.350000
19 1.010827 0.356000
20 1.002225 0.350000
21 0.881394 0.351000
22 0.894861 0.366000
23 0.958581 0.365000
24 0.984265 0.371000
25 0.986284 0.374000
26 0.947858 0.370000
27 0.957452 0.368000
28 0.976287 0.377000
29 0.937887 0.384000
30 1.031474 0.381000
31 1.034201 0.391000
32 0.976133 0.385000
33 1.006154 0.400000
34 1.007057 0.387000
35 1.022117 0.397000
36 1.045784 0.388000
37 0.956603 0.392000
38 1.025359 0.408000
39 1.003709 0.391000
40 1.000441 0.397000
41 1.049801 0.394000
42 0.997374 0.394000
43 0.945555 0.403000
44 0.998304 0.410000
45 1.055751 0.407000
46 0.950390 0.408000
47 0.983537 0.416000
48 1.032550 0.404000
49 1.050695 0.405000
50 1.026351 0.428000
51 1.041331 0.419000
52 1.058051 0.419000
53 1.094659 0.419000
54 1.022175 0.406000
55 1.058909 0.426000
56 1.059770 0.425000
57 1.094049 0.417000
58 1.070492 0.433000
59 1.075806 0.438000
60 1.023293 0.434000
61 1.102063 0.440000
62 1.122522 0.440000
63 1.001425 0.433000
64 1.057122 0.442000
65 1.039207 0.449000
66 1.120607 0.433000
67 1.073551 0.434000
68 1.049795 0.448000
69 1.092589 0.439000
70 0.999837 0.441000
71 1.034387 0.432000
72 1.093591 0.460000
73 1.075541 0.449000
74 1.075257 0.447000
75 1.033865 0.451000
76 1.151175 0.459000
77 1.091856 0.453000
78 1.087548 0.462000
79 1.110513 0.453000
80 1.043313 0.457000
81 1.082491 0.465000
82 1.086507 0.465000
83 1.155652 0.472000
84 1.112764 0.466000
85 1.126893 0.466000
86 1.059327 0.456000
87 1.145345 0.457000
88 1.118133 0.461000
89 1.146447 0.464000
90 1.068374 0.455000
91 1.026338 0.467000
92 1.114665 0.479000
93 1.115433 0.450000
94 1.137570 0.464000
95 1.097084 0.474000
96 1.154008 0.470000
97 1.113325 0.475000
98 1.163679 0.480000
99 1.109493 0.485000
100 1.065769 0.473000
101 1.109777 0.478000
102 1.054694 0.464000
103 1.118367 0.476000
104 1.085828 0.476000
105 1.158846 0.482000
106 1.061683 0.477000
107 1.120222 0.468000
108 1.164697 0.485000
109 1.099046 0.478000
110 1.171484 0.489000
111 1.203244 0.486000
112 1.156922 0.500000
113 1.136056 0.496000
114 1.146782 0.486000
115 1.139743 0.500000
116 1.038874 0.484000
117 1.198580 0.501000
118 1.155928 0.489000
119 1.148623 0.507000
120 1.154454 0.498000
121 1.142317 0.495000
122 1.091235 0.510000
123 1.159561 0.507000
124 1.160914 0.508000
125 1.102612 0.490000
126 1.186709 0.513000
127 1.185263 0.505000
128 1.108379 0.499000
129 1.114957 0.493000
130 1.188525 0.508000
131 1.073447 0.490000
132 1.156496 0.510000
133 1.174066 0.503000
134 1.196067 0.503000
135 1.157507 0.497000
136 1.160433 0.502000
137 1.137689 0.509000
138 1.151581 0.501000
139 1.171317 0.512000
140 1.142026 0.512000
141 1.171066 0.510000
142 1.162530 0.507000
143 1.136643 0.520000
144 1.169915 0.519000
145 1.240952 0.534000
146 1.169290 0.513000
147 1.213610 0.517000
148 1.205321 0.524000
149 1.151150 0.514000
150 1.110188 0.504000
151 1.212507 0.520000
152 1.143855 0.523000
153 1.193269 0.528000
154 1.246096 0.538000
155 1.153199 0.523000
156 1.233229 0.544000
157 1.164139 0.532000
158 1.120463 0.521000
159 1.188294 0.525000
160 1.184564 0.528000
161 1.132832 0.523000
162 1.196956 0.533000
163 1.193738 0.542000
164 1.158109 0.525000
165 1.091517 0.533000
166 1.227596 0.538000
167 1.153920 0.524000
168 1.162670 0.535000
169 1.208124 0.529000
170 1.196207 0.546000
171 1.168481 0.534000
172 1.175616 0.522000
173 1.183786 0.535000
174 1.148965 0.530000
175 1.108346 0.522000
176 1.230875 0.552000
177 1.164239 0.539000
178 1.173307 0.532000
179 1.178126 0.538000
180 1.200329 0.543000
181 1.189132 0.532000
182 1.189984 0.536000
183 1.167648 0.537000
184 1.199823 0.537000
185 1.185201 0.535000
186 1.183003 0.550000
187 1.222278 0.553000
188 1.193113 0.552000
189 1.164538 0.542000
190 1.172780 0.547000
191 1.181599 0.539000
192 1.240180 0.547000
193 1.129132 0.540000
194 1.224769 0.548000
195 1.206509 0.548000
196 1.205790 0.556000
197 1.234175 0.555000
198 1.207849 0.555000
199 1.271722 0.560000
200 1.193343 0.555000
201 1.197240 0.547000
202 1.141831 0.547000
203 1.135588 0.547000
204 1.140034 0.556000
205 1.102990 0.546000
206 1.206960 0.559000
207 1.189644 0.559000
208 1.250110 0.554000
209 1.178657 0.559000
210 1.214498 0.561000
211 1.181040 0.558000
212 1.184503 0.553000
213 1.207336 0.565000
214 1.196024 0.570000
215 1.211667 0.572000
216 1.211744 0.570000
217 1.206109 0.576000
218 1.202146 0.563000
219 1.203840 0.571000
220 1.225677 0.580000
221 1.216422 0.568000
222 1.199768 0.576000
223 1.234241 0.566000
224 1.126610 0.565000
225 1.242132 0.571000
226 1.212975 0.577000
227 1.257834 0.571000
228 1.231229 0.564000
229 1.246013 0.574000
230 1.223904 0.572000
231 1.179774 0.570000
232 1.223690 0.588000
233 1.240807 0.565000
234 1.194531 0.581000
235 1.195099 0.569000
236 1.185727 0.564000
237 1.189075 0.568000
238 1.226850 0.556000
239 1.237526 0.581000
240 1.207555 0.574000
241 1.219546 0.578000
242 1.283545 0.582000
243 1.240376 0.579000
244 1.266210 0.586000
245 1.212251 0.576000
246 1.182074 0.565000
247 1.246446 0.575000
248 1.227795 0.584000
249 1.196494 0.579000
250 1.237263 0.589000
251 1.249841 0.581000
252 1.196347 0.585000
253 1.259283 0.597000
254 1.241277 0.583000
255 1.238882 0.591000
256 1.234694 0.587000
257 1.181198 0.588000
258 1.234036 0.594000
259 1.207075 0.587000
260 1.241596 0.595000
261 1.263142 0.584000
262 1.241609 0.593000
263 1.272631 0.603000
264 1.275965 0.597000
265 1.287712 0.590000
266 1.249310 0.589000
267 1.250930 0.601000
268 1.259119 0.584000
269 1.261697 0.594000
270 1.199653 0.592000
271 1.255457 0.595000
272 1.222992 0.587000
273 1.190384 0.593000
274 1.280806 0.588000
275 1.233885 0.591000
276 1.240688 0.580000
277 1.265589 0.603000
278 1.226492 0.597000
279 1.282303 0.610000
280 1.260968 0.597000
281 1.214388 0.587000
282 1.311444 0.604000
283 1.274491 0.605000
284 1.317771 0.597000
285 1.216209 0.596000
286 1.215500 0.592000
287 1.266246 0.604000
288 1.282037 0.611000
289 1.222874 0.595000
290 1.222871 0.598000
291 1.227540 0.577000
292 1.265652 0.601000
293 1.238001 0.587000
294 1.252000 0.602000
295 1.154677 0.600000
296 1.190546 0.599000
297 1.276580 0.625000
298 1.259218 0.615000
299 1.260368 0.614000
300 1.261624 0.618000
301 1.242952 0.611000
302 1.219245 0.620000
303 1.239700 0.619000
304 1.266703 0.624000
305 1.288379 0.620000
306 1.247535 0.615000
307 1.273226 0.631000
308 1.281458 0.623000
309 1.250817 0.614000
310 1.177470 0.618000
311 1.267434 0.620000
312 1.267991 0.620000
313 1.247566 0.614000
314 1.256482 0.616000
315 1.299609 0.635000
316 1.271014 0.605000
317 1.252459 0.609000
318 1.251043 0.617000
319 1.329229 0.623000
320 1.271365 0.617000
321 1.246527 0.623000
322 1.292888 0.624000
323 1.301102 0.625000
324 1.240796 0.618000
325 1.250681 0.628000
326 1.291583 0.625000
327 1.203498 0.612000
328 1.273047 0.626000
329 1.289012 0.622000
330 1.279934 0.621000
331 1.286792 0.618000
332 1.269407 0.614000
333 1.269186 0.633000
334 1.289726 0.623000
335 1.268189 0.616000
336 1.315630 0.620000
337 1.299322 0.628000
338 1.221716 0.614000
339 1.289822 0.631000
340 1.267200 0.622000
341 1.263730 0.623000
342 1.284931 0.629000
343 1.258004 0.638000
344 1.276767 0.622000
345 1.246220 0.624000
346 1.247512 0.620000
347 1.244284 0.626000
348 1.243717 0.626000
349 1.284049 0.626000
350 1.291493 0.629000
351 1.280301 0.628000
352 1.280384 0.627000
353 1.287539 0.626000
354 1.261456 0.623000
355 1.277392 0.624000
356 1.314869 0.632000
357 1.302776 0.634000
358 1.300095 0.622000
359 1.242022 0.615000
360 1.285005 0.631000
361 1.257230 0.627000
362 1.246581 0.627000
363 1.221390 0.628000
364 1.282752 0.618000
365 1.278196 0.624000
366 1.261760 0.625000
367 1.355911 0.639000
368 1.236838 0.626000
369 1.261121 0.626000
370 1.308851 0.635000
371 1.289088 0.641000
372 1.272799 0.632000
373 1.276040 0.623000
374 1.239912 0.628000
375 1.252564 0.628000
376 1.354515 0.647000
377 1.233747 0.632000
378 1.279826 0.625000
379 1.263721 0.650000
380 1.284905 0.647000
381 1.200045 0.621000
382 1.280138 0.619000
383 1.257647 0.628000
384 1.216240 0.642000
385 1.237116 0.636000
386 1.333678 0.641000
387 1.296132 0.656000
388 1.296871 0.646000
389 1.298622 0.639000
390 1.300665 0.652000
391 1.260424 0.654000
392 1.262491 0.636000
393 1.305267 0.641000
394 1.295476 0.644000
395 1.321953 0.642000
396 1.283018 0.645000
397 1.274414 0.650000
398 1.316657 0.645000
399 1.251084 0.650000
400 1.295015 0.637000
401 1.278416 0.646000
402 1.252427 0.655000
403 1.284618 0.642000
404 1.244931 0.652000
405 1.247188 0.647000
406 1.267081 0.660000
407 1.306587 0.651000
408 1.279153 0.650000
409 1.358355 0.659000
410 1.272767 0.655000
411 1.266567 0.661000
412 1.263629 0.643000
413 1.317294 0.658000
414 1.364506 0.656000
415 1.317641 0.659000
416 1.277291 0.654000
417 1.369529 0.666000
418 1.328533 0.666000
419 1.313982 0.654000
420 1.295792 0.649000
421 1.321734 0.662000
422 1.342784 0.667000
423 1.300548 0.653000
424 1.258678 0.649000
425 1.293657 0.658000
426 1.308623 0.655000
427 1.347970 0.659000
428 1.277521 0.656000
429 1.242022 0.653000
430 1.323820 0.664000
431 1.265767 0.655000
432 1.248478 0.667000
433 1.304225 0.657000
434 1.290825 0.655000
435 1.289845 0.651000
436 1.296644 0.653000
437 1.339502 0.678000
438 1.304171 0.670000
439 1.288451 0.668000
440 1.301841 0.662000
441 1.266722 0.668000
442 1.332227 0.662000
443 1.303836 0.666000
444 1.345304 0.667000
445 1.315366 0.661000
446 1.298716 0.663000
447 1.310869 0.673000
448 1.276529 0.661000
449 1.315624 0.653000
450 1.272994 0.663000
451 1.278339 0.672000
452 1.304493 0.655000
453 1.284587 0.679000
454 1.335425 0.676000
455 1.290377 0.661000
456 1.311977 0.672000
457 1.289973 0.660000
458 1.261232 0.668000
459 1.292564 0.660000
460 1.312343 0.687000
461 1.299844 0.665000
462 1.302488 0.686000
463 1.340463 0.689000
464 1.265336 0.655000
465 1.371646 0.671000
466 1.339994 0.666000
467 1.320717 0.687000
468 1.296491 0.657000
469 1.353487 0.689000
470 1.233027 0.666000
471 1.315091 0.684000
472 1.276275 0.661000
473 1.305655 0.687000
474 1.323522 0.679000
475 1.305801 0.680000
476 1.418862 0.700000
477 1.284264 0.668000
478 1.341723 0.677000
479 1.349613 0.683000
480 1.413613 0.693000
481 1.277038 0.676000
482 1.272614 0.680000
483 1.288237 0.695000
484 1.334998 0.682000
485 1.295844 0.691000
486 1.355841 0.682000
487 1.324526 0.679000
488 1.305073 0.669000
489 1.284481 0.682000
490 1.339012 0.676000
491 1.301866 0.673000
492 1.378038 0.691000
493 1.433579 0.685000
494 1.319720 0.688000
495 1.355905 0.696000
496 1.330655 0.674000
497 1.348194 0.672000
498 1.350913 0.687000
499 1.323907 0.695000
500 1.310615 0.677000
501 1.348128 0.700000
502 1.309923 0.688000
503 1.329826 0.688000
504 1.343956 0.681000
505 1.289634 0.694000
506 1.324469 0.689000
507 1.289395 0.692000
508 1.309028 0.693000
509 1.338335 0.688000
510 1.227536 0.669000
511 1.390866 0.684000
512 1.282650 0.698000
513 1.288001 0.683000
514 1.333806 0.687000
515 1.296867 0.679000
516 1.312557 0.690000
517 1.355669 0.699000
518 1.282900 0.693000
519 1.314331 0.702000
520 1.316725 0.695000
521 1.373947 0.700000
522 1.308220 0.695000
523 1.344704 0.707000
524 1.357928 0.714000
525 1.322861 0.705000
526 1.269070 0.703000
527 1.348509 0.696000
528 1.311239 0.688000
529 1.313698 0.698000
530 1.352049 0.703000
531 1.318002 0.698000
532 1.244681 0.690000
533 1.334553 0.706000
534 1.317549 0.700000
535 1.318639 0.698000
536 1.336247 0.709000
537 1.338925 0.705000
538 1.382691 0.721000
539 1.315229 0.712000
540 1.288129 0.699000
541 1.240541 0.694000
542 1.349084 0.720000
543 1.302085 0.698000
544 1.368639 0.705000
545 1.365195 0.720000
546 1.371746 0.725000
547 1.394849 0.727000
548 1.316064 0.711000
549 1.281450 0.711000
550 1.296922 0.702000
551 1.295696 0.701000
552 1.364820 0.706000
553 1.398700 0.720000
554 1.358649 0.727000
555 1.225767 0.690000
556 1.367793 0.720000
557 1.292089 0.718000
558 1.341602 0.714000
559 1.266402 0.718000
560 1.427622 0.725000
561 1.342181 0.713000
562 1.341928 0.726000
563 1.393503 0.700000
564 1.319040 0.714000
565 1.347160 0.711000
566 1.289690 0.697000
567 1.324949 0.713000
568 1.374033 0.714000
569 1.291827 0.715000
570 1.300484 0.709000
571 1.389401 0.715000
572 1.305868 0.711000
573 1.360045 0.713000
574 1.308154 0.705000
575 1.325466 0.721000
576 1.287357 0.710000
577 1.282030 0.698000
578 1.320972 0.707000
579 1.364268 0.708000
580 1.385392 0.717000
581 1.326120 0.712000
582 1.339283 0.699000
583 1.371363 0.723000
584 1.361804 0.717000
585 1.338863 0.720000
586 1.363116 0.716000
587 1.372878 0.717000
588 1.341450 0.717000
589 1.331640 0.707000
590 1.335231 0.720000
591 1.317431 0.721000
592 1.290271 0.710000
593 1.273631 0.707000
594 1.396353 0.724000
595 1.366011 0.718000
596 1.322170 0.721000
597 1.335901 0.721000
598 1.380638 0.718000
599 1.352468 0.744000
600 1.385165 0.728000
601 1.374777 0.713000
602 1.344060 0.722000
603 1.376985 0.723000
604 1.356117 0.715000
605 1.431144 0.723000
606 1.371551 0.719000
607 1.331384 0.722000
608 1.302470 0.715000
609 1.230229 0.706000
610 1.345639 0.709000
611 1.391904 0.701000
612 1.386248 0.706000
613 1.321271 0.710000
614 1.395764 0.716000
615 1.380862 0.716000
616 1.311322 0.718000
617 1.273757 0.723000
618 1.340254 0.711000
619 1.370419 0.724000
620 1.362510 0.707000
621 1.270587 0.694000
622 1.387813 0.719000
623 1.272224 0.713000
624 1.381058 0.735000
625 1.316390 0.717000
626 1.355792 0.714000
627 1.278675 0.717000
628 1.351424 0.711000
629 1.310965 0.723000
630 1.324542 0.715000
631 1.329073 0.701000
632 1.339502 0.727000
633 1.283711 0.700000
634 1.336099 0.711000
635 1.359785 0.711000
636 1.364205 0.727000
637 1.303728 0.707000
638 1.328384 0.718000
639 1.304136 0.708000
640 1.343255 0.712000
641 1.332739 0.727000
642 1.333990 0.709000
643 1.356665 0.728000
644 1.352446 0.726000
645 1.337787 0.725000
646 1.319958 0.710000
647 1.260512 0.700000
648 1.423725 0.737000
649 1.320413 0.706000
650 1.397342 0.726000
651 1.315876 0.709000
652 1.359356 0.729000
653 1.376656 0.716000
654 1.331314 0.719000
655 1.362962 0.722000
656 1.348807 0.726000
657 1.354124 0.722000
658 1.312772 0.728000
659 1.363054 0.729000
660 1.364755 0.717000
661 1.366348 0.742000
662 1.308290 0.725000
663 1.383990 0.739000
664 1.372000 0.732000
665 1.355412 0.715000
666 1.329840 0.721000
667 1.348585 0.730000
668 1.330714 0.728000
669 1.342617 0.728000
670 1.389694 0.733000
671 1.355798 0.719000
672 1.319252 0.713000
673 1.370100 0.734000
674 1.310367 0.715000
675 1.313809 0.737000
676 1.275198 0.713000
677 1.379482 0.728000
678 1.385197 0.730000
679 1.362396 0.731000
680 1.328780 0.712000
681 1.303910 0.725000
682 1.383838 0.722000
683 1.329556 0.720000
684 1.340837 0.726000
685 1.355981 0.726000
686 1.356273 0.745000
687 1.345027 0.750000
688 1.313575 0.726000
689 1.333817 0.740000
690 1.333928 0.750000
691 1.367087 0.735000
692 1.378794 0.743000
693 1.337733 0.739000
694 1.413160 0.737000
695 1.346550 0.734000
696 1.304483 0.727000
697 1.280881 0.717000
698 1.384169 0.732000
699 1.328744 0.730000
700 1.365683 0.739000
701 1.408902 0.733000
702 1.379954 0.730000
703 1.356572 0.731000
704 1.389627 0.732000
705 1.328121 0.726000
706 1.358275 0.739000
707 1.399438 0.735000
708 1.341357 0.728000
709 1.378641 0.738000
710 1.303174 0.728000
711 1.333126 0.745000
712 1.321457 0.732000
713 1.314570 0.734000
714 1.313425 0.748000
715 1.376054 0.762000
716 1.297317 0.733000
717 1.296701 0.719000
718 1.404737 0.734000
719 1.342658 0.745000
720 1.338877 0.749000
721 1.365641 0.740000
722 1.426796 0.741000
723 1.313826 0.738000
724 1.351441 0.745000
725 1.394689 0.732000
726 1.342819 0.744000
727 1.337476 0.737000
728 1.379103 0.741000
729 1.361118 0.747000
730 1.389048 0.731000
731 1.361013 0.736000
732 1.356985 0.748000
733 1.245459 0.726000
734 1.385938 0.736000
735 1.362021 0.734000
736 1.305811 0.724000
737 1.319927 0.723000
738 1.324752 0.716000
739 1.339371 0.741000
740 1.355246 0.729000
741 1.327210 0.733000
742 1.377947 0.753000
743 1.365921 0.745000
744 1.335340 0.741000
745 1.325691 0.736000
746 1.353279 0.744000
747 1.446987 0.749000
748 1.396199 0.744000
749 1.310215 0.727000
750 1.314684 0.716000
751 1.388781 0.752000
752 1.369734 0.736000
753 1.378341 0.744000
754 1.323733 0.743000
755 1.342299 0.734000
756 1.330727 0.720000
757 1.417207 0.742000
758 1.366625 0.733000
759 1.354765 0.741000
760 1.369943 0.753000
761 1.366548 0.749000
762 1.428126 0.752000
763 1.407363 0.754000
764 1.407428 0.743000
765 1.394751 0.740000
766 1.306178 0.731000
767 1.358001 0.751000
768 1.335730 0.735000
769 1.314722 0.743000
770 1.359674 0.748000
771 1.343058 0.742000
772 1.428201 0.749000
773 1.364985 0.748000
774 1.326994 0.738000
775 1.341940 0.739000
776 1.326180 0.743000
777 1.313971 0.737000
778 1.352175 0.741000
779 1.378006 0.747000
780 1.349690 0.737000
781 1.334710 0.748000
782 1.354132 0.744000
783 1.321482 0.741000
784 1.261310 0.731000
785 1.366662 0.747000
786 1.303592 0.741000
787 1.390824 0.749000
788 1.386086 0.740000
789 1.372184 0.750000
790 1.382521 0.757000
791 1.357254 0.742000
792 1.326998 0.741000
793 1.411361 0.755000
794 1.400534 0.752000
795 1.352233 0.753000
796 1.378810 0.735000
797 1.325011 0.735000
798 1.424984 0.758000
799 1.372548 0.761000
800 1.376550 0.747000
801 1.383957 0.750000
802 1.370282 0.732000
803 1.322055 0.743000
804 1.347915 0.742000
805 1.329069 0.743000
806 1.286689 0.759000
807 1.344886 0.738000
808 1.349997 0.741000
809 1.347475 0.744000
810 1.397659 0.748000
811 1.334491 0.733000
812 1.366556 0.742000
813 1.381910 0.745000
814 1.359072 0.738000
815 1.364300 0.742000
816 1.365273 0.749000
817 1.380579 0.738000
818 1.342015 0.735000
819 1.381698 0.751000
820 1.324242 0.747000
821 1.350778 0.732000
822 1.377523 0.742000
823 1.448263 0.753000
824 1.368492 0.739000
825 1.368606 0.742000
826 1.377637 0.753000
827 1.379452 0.743000
828 1.330806 0.740000
829 1.404917 0.751000
830 1.383941 0.757000
831 1.339322 0.746000
832 1.336878 0.749000
833 1.391730 0.757000
834 1.330997 0.747000
835 1.380547 0.749000
836 1.392628 0.753000
837 1.411956 0.751000
838 1.348303 0.737000
839 1.359377 0.743000
840 1.369900 0.757000
841 1.363523 0.753000
842 1.350481 0.762000
843 1.342626 0.745000
844 1.375178 0.741000
845 1.360651 0.736000
846 1.358305 0.764000
847 1.356383 0.756000
848 1.336251 0.735000
849 1.353137 0.752000
850 1.325464 0.735000
851 1.379047 0.748000
852 1.355909 0.753000
853 1.329892 0.748000
854 1.413186 0.749000
855 1.393753 0.743000
856 1.318760 0.740000
857 1.369778 0.748000
858 1.328623 0.736000
859 1.366376 0.746000
860 1.359920 0.750000
861 1.413488 0.758000
862 1.434559 0.753000
863 1.421810 0.741000
864 1.379127 0.747000
865 1.322938 0.758000
866 1.353233 0.747000
867 1.384098 0.738000
868 1.401891 0.756000
869 1.333418 0.743000
870 1.378580 0.737000
871 1.427268 0.752000
872 1.351326 0.751000
873 1.348342 0.759000
874 1.302973 0.757000
875 1.398896 0.758000
876 1.355015 0.757000
877 1.377564 0.746000
878 1.350633 0.747000
879 1.333051 0.751000
880 1.297262 0.741000
881 1.324167 0.758000
882 1.399187 0.779000
883 1.390636 0.756000
884 1.343032 0.764000
885 1.354306 0.754000
886 1.305270 0.756000
887 1.335033 0.753000
888 1.355732 0.769000
889 1.355040 0.756000
890 1.339504 0.762000
891 1.364387 0.749000
892 1.364594 0.771000
893 1.368267 0.763000
894 1.338631 0.767000
895 1.338783 0.767000
896 1.363270 0.754000
897 1.363076 0.752000
898 1.346333 0.758000
899 1.341324 0.759000
900 1.378640 0.771000
901 1.406643 0.776000
902 1.345593 0.764000
903 1.400257 0.772000
904 1.398902 0.768000
905 1.341550 0.748000
906 1.407504 0.765000
907 1.363987 0.756000
908 1.399688 0.774000
909 1.420915 0.777000
910 1.419532 0.775000
911 1.320531 0.755000
912 1.342624 0.756000
913 1.334221 0.765000
914 1.424722 0.772000
915 1.340332 0.745000
916 1.370978 0.752000
917 1.347930 0.758000
918 1.322717 0.752000
919 1.296039 0.755000
920 1.368941 0.759000
921 1.378691 0.785000
922 1.449548 0.775000
923 1.349300 0.757000
924 1.410395 0.770000
925 1.372154 0.763000
926 1.390944 0.753000
927 1.408306 0.761000
928 1.392176 0.766000
929 1.423198 0.765000
930 1.342776 0.767000
931 1.350151 0.753000
932 1.334863 0.760000
933 1.323668 0.763000
934 1.297137 0.751000
935 1.324024 0.766000
936 1.280713 0.751000
937 1.333056 0.748000
938 1.363878 0.763000
939 1.391368 0.764000
940 1.324443 0.755000
941 1.396343 0.772000
942 1.419444 0.776000
943 1.331222 0.764000
944 1.357925 0.777000
945 1.406919 0.785000
946 1.368402 0.770000
947 1.382955 0.763000
948 1.354115 0.772000
949 1.396581 0.763000
950 1.333296 0.753000
951 1.407769 0.768000
952 1.417458 0.776000
953 1.381001 0.769000
954 1.372439 0.768000
955 1.420459 0.772000
956 1.388173 0.788000
957 1.382710 0.768000
958 1.364868 0.768000
959 1.380515 0.766000
960 1.376122 0.783000
961 1.422064 0.761000
962 1.329671 0.775000
963 1.358159 0.774000
964 1.360834 0.764000
965 1.401555 0.779000
966 1.365429 0.769000
967 1.401351 0.769000
968 1.391091 0.762000
969 1.327702 0.754000
970 1.415380 0.772000
971 1.358171 0.775000
972 1.366042 0.778000
973 1.376774 0.768000
974 1.351008 0.777000
975 1.365513 0.774000
976 1.331057 0.749000
977 1.343683 0.766000
978 1.355981 0.775000
979 1.387340 0.761000
980 1.374353 0.779000
981 1.367924 0.771000
982 1.386404 0.786000
983 1.410044 0.779000
984 1.388215 0.779000
985 1.341965 0.771000
986 1.379408 0.780000
987 1.376706 0.778000
988 1.330987 0.760000
989 1.385149 0.770000
990 1.368073 0.774000
991 1.371969 0.783000
992 1.382461 0.775000
993 1.325499 0.761000
994 1.391673 0.773000
995 1.416848 0.781000
996 1.386261 0.773000
997 1.378012 0.789000
998 1.321699 0.771000
999 1.390715 0.775000
