# step avg_reward percentage_opt_action
0 -0.006328 0.086000
1 0.305703 0.128000
2 0.422282 0.154000
3 0.441854 0.188000
4 0.552068 0.195000
5 0.602555 0.211000
6 0.648279 0.233000
7 0.677377 0.246000
8 0.723706 0.259000
9 0.751772 0.254000
10 0.845782 0.272000
11 0.789686 0.271000
12 0.783567 0.281000
13 0.885744 0.291000
14 0.912538 0.300000
15 0.839708 0.303000
16 0.876549 0.312000
17 0.945299 0.317000
18 0.885304 0.319000
19 0.927308 0.323000
20 0.910630 0.324000
21 0.869278 0.333000
22 0.940731 0.323000
23 0.886776 0.326000
24 0.955590 0.325000
25 0.959372 0.336000
26 0.938411 0.350000
27 0.998967 0.351000
28 1.002962 0.353000
29 0.881981 0.358000
30 0.946103 0.351000
31 0.969201 0.354000
32 0.901290 0.359000
33 0.931995 0.360000
34 0.939837 0.354000
35 1.019000 0.362000
36 0.963831 0.362000
37 0.969057 0.358000
38 1.009432 0.349000
39 0.886645 0.366000
40 1.016834 0.358000
41 0.956359 0.365000
42 1.016222 0.369000
43 0.976667 0.354000
44 0.954141 0.369000
45 1.001164 0.373000
46 1.030788 0.381000
47 1.034590 0.380000
48 0.984707 0.377000
49 0.986527 0.378000
50 0.912224 0.381000
51 0.988455 0.386000
52 1.065498 0.385000
53 1.013725 0.387000
54 0.989992 0.379000
55 1.031679 0.390000
56 1.058961 0.391000
57 1.071604 0.387000
58 1.117964 0.395000
59 1.055288 0.399000
60 1.027043 0.398000
61 1.046694 0.396000
62 1.023993 0.395000
63 1.075058 0.393000
64 1.043801 0.400000
65 1.013350 0.401000
66 0.962129 0.394000
67 1.111253 0.407000
68 0.995480 0.415000
69 1.033172 0.402000
70 1.002305 0.399000
71 0.993162 0.397000
72 1.032041 0.398000
73 1.007225 0.401000
74 1.064898 0.417000
75 1.027014 0.401000
76 1.013815 0.403000
77 1.113685 0.404000
78 1.031242 0.409000
79 1.023217 0.403000
80 1.079795 0.415000
81 1.078967 0.408000
82 1.049678 0.416000
83 1.049842 0.417000
84 0.998636 0.407000
85 1.042502 0.418000
86 1.053462 0.406000
87 1.027211 0.410000
88 1.030775 0.410000
89 0.985484 0.411000
90 1.079131 0.433000
91 1.007255 0.428000
92 1.048012 0.416000
93 1.188451 0.424000
94 1.039138 0.429000
95 1.111372 0.437000
96 1.079585 0.442000
97 1.042303 0.419000
98 1.080078 0.431000
99 1.128379 0.422000
100 1.108719 0.435000
101 1.063757 0.439000
102 1.138882 0.447000
103 1.017118 0.418000
104 1.035906 0.432000
105 1.076065 0.436000
106 1.081553 0.437000
107 1.067438 0.435000
108 1.061306 0.431000
109 1.118495 0.445000
110 1.113793 0.439000
111 1.033685 0.431000
112 1.113342 0.446000
113 1.057078 0.452000
114 1.138198 0.447000
115 1.069371 0.438000
116 1.090133 0.447000
117 1.049335 0.446000
118 1.121111 0.461000
119 1.062348 0.460000
120 1.070359 0.461000
121 1.148177 0.461000
122 1.010466 0.455000
123 1.076088 0.452000
124 1.137696 0.467000
125 1.107978 0.455000
126 1.101295 0.473000
127 1.125413 0.462000
128 1.108825 0.455000
129 1.132624 0.453000
130 1.090595 0.464000
131 1.103047 0.467000
132 1.052417 0.460000
133 1.107638 0.470000
134 1.116716 0.458000
135 1.114039 0.479000
136 1.069027 0.462000
137 1.090418 0.462000
138 1.104099 0.462000
139 1.123219 0.464000
140 1.112595 0.462000
141 1.062984 0.474000
142 1.071589 0.477000
143 1.106171 0.480000
144 1.182781 0.482000
145 1.178089 0.474000
146 1.137988 0.481000
147 1.124420 0.477000
148 1.081720 0.485000
149 1.159251 0.473000
150 1.131423 0.477000
151 1.178985 0.483000
152 1.121336 0.486000
153 1.146407 0.489000
154 1.216801 0.492000
155 1.099868 0.484000
156 1.115103 0.484000
157 1.161609 0.474000
158 1.049366 0.485000
159 1.185604 0.495000
160 1.132467 0.475000
161 1.144280 0.483000
162 1.133759 0.470000
163 1.132248 0.486000
164 1.141287 0.483000
165 1.074647 0.480000
166 1.197693 0.485000
167 1.099356 0.496000
168 1.132685 0.490000
169 1.135386 0.489000
170 1.139623 0.491000
171 1.094607 0.480000
172 1.157516 0.505000
173 1.148051 0.494000
174 1.170823 0.500000
175 1.144893 0.501000
176 1.161700 0.486000
177 1.117369 0.492000
178 1.131750 0.495000
179 1.109576 0.496000
180 1.135419 0.504000
181 1.133635 0.507000
182 1.181038 0.494000
183 1.212782 0.504000
184 1.057694 0.489000
185 1.144317 0.509000
186 1.162428 0.505000
187 1.134123 0.498000
188 1.143672 0.502000
189 1.145814 0.504000
190 1.063809 0.492000
191 1.119307 0.498000
192 1.190817 0.507000
193 1.172301 0.516000
194 1.191958 0.503000
195 1.146898 0.505000
196 1.177310 0.509000
197 1.147106 0.502000
198 1.159203 0.505000
199 1.205468 0.515000
200 1.152500 0.512000
201 1.136436 0.508000
202 1.160542 0.506000
203 1.152812 0.506000
204 1.121153 0.506000
205 1.189603 0.508000
206 1.143530 0.513000
207 1.192547 0.510000
208 1.108244 0.502000
209 1.147436 0.503000
210 1.182037 0.517000
211 1.170770 0.516000
212 1.132592 0.507000
213 1.188079 0.519000
214 1.226175 0.524000
215 1.244348 0.527000
216 1.134805 0.518000
217 1.109221 0.525000
218 1.151717 0.513000
219 1.134452 0.518000
220 1.196220 0.524000
221 1.072403 0.522000
222 1.181379 0.508000
223 1.133238 0.512000
224 1.186157 0.525000
225 1.161373 0.532000
226 1.160823 0.508000
227 1.185341 0.517000
228 1.199202 0.529000
229 1.214678 0.532000
230 1.208336 0.533000
231 1.157335 0.517000
232 1.197558 0.536000
233 1.115369 0.525000
234 1.150418 0.515000
235 1.205440 0.536000
236 1.146214 0.541000
237 1.204273 0.537000
238 1.238394 0.542000
239 1.199790 0.544000
240 1.153223 0.544000
241 1.161989 0.527000
242 1.173638 0.548000
243 1.174491 0.530000
244 1.196403 0.536000
245 1.233576 0.546000
246 1.233224 0.536000
247 1.189400 0.532000
248 1.176764 0.546000
249 1.167849 0.545000
250 1.226102 0.540000
251 1.194445 0.540000
252 1.134317 0.544000
253 1.174602 0.531000
254 1.189924 0.535000
255 1.199163 0.541000
256 1.169963 0.548000
257 1.148841 0.546000
258 1.167552 0.555000
259 1.193331 0.540000
260 1.169088 0.550000
261 1.179728 0.546000
262 1.216594 0.542000
263 1.170986 0.524000
264 1.136438 0.541000
265 1.157793 0.547000
266 1.192802 0.542000
267 1.167239 0.550000
268 1.230539 0.553000
269 1.166391 0.557000
270 1.219937 0.554000
271 1.172336 0.551000
272 1.172613 0.559000
273 1.194674 0.552000
274 1.223688 0.547000
275 1.239714 0.552000
276 1.152787 0.552000
277 1.260989 0.566000
278 1.180028 0.564000
279 1.223273 0.552000
280 1.205601 0.553000
281 1.182340 0.558000
282 1.147996 0.557000
283 1.188810 0.553000
284 1.255706 0.561000
285 1.229067 0.559000
286 1.234329 0.580000
287 1.179126 0.562000
288 1.172311 0.557000
289 1.279426 0.567000
290 1.249735 0.583000
291 1.252914 0.572000
292 1.194314 0.568000
293 1.204269 0.570000
294 1.210844 0.581000
295 1.229310 0.573000
296 1.181489 0.571000
297 1.190042 0.571000
298 1.157329 0.566000
299 1.213031 0.580000
300 1.289957 0.577000
301 1.240357 0.571000
302 1.249533 0.583000
303 1.243910 0.574000
304 1.187695 0.566000
305 1.243152 0.570000
306 1.174336 0.568000
307 1.178126 0.564000
308 1.231999 0.585000
309 1.252942 0.554000
310 1.204736 0.571000
311 1.209111 0.571000
312 1.278822 0.580000
313 1.206161 0.579000
314 1.223735 0.568000
315 1.197246 0.568000
316 1.196282 0.571000
317 1.163854 0.579000
318 1.173831 0.571000
319 1.183720 0.559000
320 1.217417 0.575000
321 1.099415 0.553000
322 1.132314 0.589000
323 1.283724 0.591000
324 1.237815 0.573000
325 1.202587 0.583000
326 1.179043 0.574000
327 1.192350 0.567000
328 1.240421 0.574000
329 1.186363 0.593000
330 1.228559 0.588000
331 1.263570 0.590000
332 1.294972 0.591000
333 1.148030 0.568000
334 1.192370 0.589000
335 1.282625 0.593000
336 1.218495 0.586000
337 1.189914 0.588000
338 1.243181 0.582000
339 1.212429 0.578000
340 1.206759 0.581000
341 1.263719 0.605000
342 1.223948 0.581000
343 1.251195 0.588000
344 1.252493 0.605000
345 1.243381 0.595000
346 1.267455 0.588000
347 1.212517 0.595000
348 1.203397 0.581000
349 1.199760 0.592000
350 1.255671 0.589000
351 1.247006 0.581000
352 1.217494 0.600000
353 1.266237 0.593000
354 1.209379 0.592000
355 1.303379 0.601000
356 1.188220 0.591000
357 1.193639 0.600000
358 1.262839 0.579000
359 1.283335 0.584000
360 1.165467 0.585000
361 1.226619 0.594000
362 1.197707 0.593000
363 1.267623 0.590000
364 1.276996 0.605000
365 1.220045 0.589000
366 1.239792 0.584000
367 1.197874 0.602000
368 1.290001 0.597000
369 1.259222 0.592000
370 1.259437 0.599000
371 1.242267 0.600000
372 1.204238 0.596000
373 1.256361 0.597000
374 1.286346 0.595000
375 1.203374 0.606000
376 1.210305 0.604000
377 1.219206 0.603000
378 1.226501 0.595000
379 1.264491 0.603000
380 1.222098 0.604000
381 1.204806 0.602000
382 1.156993 0.585000
383 1.280939 0.601000
384 1.254281 0.600000
385 1.288596 0.598000
386 1.279660 0.591000
387 1.270377 0.624000
388 1.241380 0.604000
389 1.250071 0.608000
390 1.269775 0.601000
391 1.217477 0.595000
392 1.220325 0.597000
393 1.238105 0.605000
394 1.307805 0.615000
395 1.255510 0.606000
396 1.287990 0.610000
397 1.243775 0.602000
398 1.219906 0.602000
399 1.237687 0.604000
400 1.270411 0.615000
401 1.206729 0.604000
402 1.255363 0.616000
403 1.273457 0.616000
404 1.281919 0.616000
405 1.345036 0.608000
406 1.313243 0.626000
407 1.282621 0.623000
408 1.291916 0.637000
409 1.238814 0.629000
410 1.289152 0.629000
411 1.252354 0.620000
412 1.252207 0.618000
413 1.216390 0.608000
414 1.240281 0.624000
415 1.278328 0.621000
416 1.240225 0.630000
417 1.249029 0.633000
418 1.300980 0.627000
419 1.225853 0.618000
420 1.211031 0.633000
421 1.275479 0.636000
422 1.312253 0.630000
423 1.218295 0.622000
424 1.305729 0.636000
425 1.259385 0.629000
426 1.252230 0.621000
427 1.315152 0.648000
428 1.290444 0.628000
429 1.305542 0.638000
430 1.282730 0.637000
431 1.274228 0.634000
432 1.263424 0.642000
433 1.226082 0.644000
434 1.359734 0.639000
435 1.220143 0.637000
436 1.315172 0.646000
437 1.217307 0.630000
438 1.267398 0.653000
439 1.286371 0.643000
440 1.263963 0.640000
441 1.225209 0.630000
442 1.255535 0.634000
443 1.293874 0.640000
444 1.279201 0.638000
445 1.261258 0.635000
446 1.294236 0.645000
447 1.289112 0.634000
448 1.294471 0.646000
449 1.346471 0.654000
450 1.251007 0.644000
451 1.358035 0.645000
452 1.292280 0.645000
453 1.259848 0.635000
454 1.334984 0.630000
455 1.258432 0.640000
456 1.321192 0.644000
457 1.324872 0.631000
458 1.271232 0.646000
459 1.253703 0.633000
460 1.259939 0.644000
461 1.237477 0.651000
462 1.349559 0.652000
463 1.243902 0.646000
464 1.307103 0.627000
465 1.309334 0.641000
466 1.261133 0.650000
467 1.280718 0.651000
468 1.239442 0.647000
469 1.345482 0.645000
470 1.315380 0.649000
471 1.287254 0.647000
472 1.212710 0.655000
473 1.325382 0.658000
474 1.327945 0.646000
475 1.280821 0.656000
476 1.250941 0.637000
477 1.345606 0.660000
478 1.294017 0.652000
479 1.289935 0.647000
480 1.214256 0.641000
481 1.321695 0.642000
482 1.307720 0.662000
483 1.302043 0.652000
484 1.304802 0.648000
485 1.244763 0.646000
486 1.355472 0.661000
487 1.235535 0.647000
488 1.244441 0.643000
489 1.273530 0.638000
490 1.265609 0.641000
491 1.264687 0.649000
492 1.296059 0.660000
493 1.251005 0.641000
494 1.285661 0.658000
495 1.300522 0.643000
496 1.277423 0.652000
497 1.344229 0.649000
498 1.306991 0.661000
499 1.304374 0.661000
500 1.282151 0.657000
501 1.310253 0.648000
502 1.291746 0.659000
503 1.282477 0.668000
504 1.257237 0.644000
505 1.320305 0.665000
506 1.309524 0.655000
507 1.275587 0.654000
508 1.241203 0.653000
509 1.248229 0.655000
510 1.347184 0.671000
511 1.315367 0.674000
512 1.283549 0.668000
513 1.290496 0.661000
514 1.324642 0.664000
515 1.254453 0.667000
516 1.250901 0.644000
517 1.243680 0.655000
518 1.279953 0.678000
519 1.303164 0.669000
520 1.259826 0.657000
521 1.275143 0.647000
522 1.301908 0.677000
523 1.315412 0.663000
524 1.302889 0.674000
525 1.307262 0.668000
526 1.341461 0.658000
527 1.242430 0.659000
528 1.282382 0.655000
529 1.270737 0.656000
530 1.268843 0.669000
531 1.333219 0.677000
532 1.287786 0.685000
533 1.296850 0.664000
534 1.311409 0.664000
535 1.288630 0.665000
536 1.338467 0.676000
537 1.361302 0.686000
538 1.303811 0.675000
539 1.347403 0.670000
540 1.312084 0.671000
541 1.304572 0.671000
542 1.297893 0.666000
543 1.304919 0.670000
544 1.373362 0.678000
545 1.245278 0.653000
546 1.235080 0.669000
547 1.331571 0.664000
548 1.252996 0.659000
549 1.244966 0.672000
550 1.296669 0.678000
551 1.339831 0.669000
552 1.302818 0.677000
553 1.384065 0.685000
554 1.189856 0.672000
555 1.243210 0.666000
556 1.290426 0.690000
557 1.276626 0.664000
558 1.242651 0.674000
559 1.333863 0.679000
560 1.314079 0.692000
561 1.316590 0.680000
562 1.250641 0.676000
563 1.303494 0.692000
564 1.254184 0.682000
565 1.259020 0.670000
566 1.347501 0.678000
567 1.295274 0.674000
568 1.297458 0.683000
569 1.262303 0.684000
570 1.275374 0.684000
571 1.325138 0.673000
572 1.261754 0.691000
573 1.365960 0.687000
574 1.315792 0.686000
575 1.313122 0.678000
576 1.329452 0.687000
577 1.261960 0.672000
578 1.319684 0.690000
579 1.358319 0.680000
580 1.346374 0.680000
581 1.326471 0.686000
582 1.264602 0.679000
583 1.326549 0.679000
584 1.309299 0.686000
585 1.269378 0.681000
586 1.224408 0.682000
587 1.324247 0.687000
588 1.291068 0.682000
589 1.332591 0.680000
590 1.404125 0.683000
591 1.301040 0.685000
592 1.270876 0.683000
593 1.290095 0.688000
594 1.358610 0.675000
595 1.362316 0.692000
596 1.316118 0.682000
597 1.276788 0.693000
598 1.333551 0.689000
599 1.315313 0.700000
600 1.351331 0.687000
601 1.360179 0.700000
602 1.328987 0.695000
603 1.355083 0.680000
604 1.388508 0.696000
605 1.281864 0.689000
606 1.297925 0.685000
607 1.316199 0.688000
608 1.289528 0.684000
609 1.300933 0.700000
610 1.311683 0.686000
611 1.251049 0.692000
612 1.328465 0.693000
613 1.342900 0.694000
614 1.328290 0.681000
615 1.334497 0.679000
616 1.305476 0.684000
617 1.268664 0.689000
618 1.299556 0.688000
619 1.300761 0.684000
620 1.274270 0.677000
621 1.310622 0.686000
622 1.317222 0.685000
623 1.239947 0.688000
624 1.321103 0.689000
625 1.314995 0.682000
626 1.282412 0.678000
627 1.215305 0.670000
628 1.322806 0.684000
629 1.256805 0.685000
630 1.289745 0.695000
631 1.350308 0.700000
632 1.319220 0.689000
633 1.247061 0.680000
634 1.310829 0.692000
635 1.292768 0.692000
636 1.239151 0.683000
637 1.322674 0.688000
638 1.327706 0.694000
639 1.250592 0.678000
640 1.302486 0.698000
641 1.287835 0.700000
642 1.238447 0.686000
643 1.253529 0.696000
644 1.333524 0.716000
645 1.323184 0.687000
646 1.270774 0.696000
647 1.292798 0.697000
648 1.317477 0.696000
649 1.338243 0.701000
650 1.325107 0.692000
651 1.281555 0.685000
652 1.263781 0.695000
653 1.301925 0.704000
654 1.291354 0.704000
655 1.268402 0.692000
656 1.231348 0.682000
657 1.291563 0.694000
658 1.304314 0.693000
659 1.318256 0.686000
660 1.306277 0.699000
661 1.318465 0.691000
662 1.371687 0.695000
663 1.271550 0.687000
664 1.302154 0.698000
665 1.310004 0.682000
666 1.299513 0.701000
667 1.378783 0.696000
668 1.241053 0.688000
669 1.279903 0.691000
670 1.313829 0.692000
671 1.317494 0.692000
672 1.274356 0.683000
673 1.315389 0.706000
674 1.289506 0.693000
675 1.259972 0.689000
676 1.339616 0.692000
677 1.323203 0.700000
678 1.316184 0.696000
679 1.293730 0.703000
680 1.304580 0.695000
681 1.390971 0.692000
682 1.298476 0.699000
683 1.293912 0.690000
684 1.312358 0.701000
685 1.286782 0.692000
686 1.295912 0.682000
687 1.372039 0.691000
688 1.283328 0.701000
689 1.346095 0.684000
690 1.306018 0.697000
691 1.332658 0.695000
692 1.279873 0.700000
693 1.354182 0.722000
694 1.324594 0.695000
695 1.290439 0.699000
696 1.331494 0.699000
697 1.309055 0.713000
698 1.339384 0.697000
699 1.277852 0.710000
700 1.302647 0.691000
701 1.255080 0.697000
702 1.268116 0.696000
703 1.337319 0.702000
704 1.343683 0.697000
705 1.289543 0.689000
706 1.334934 0.704000
707 1.293044 0.710000
708 1.347239 0.715000
709 1.310257 0.696000
710 1.381767 0.713000
711 1.387920 0.722000
712 1.318580 0.710000
713 1.322395 0.696000
714 1.309528 0.715000
715 1.323048 0.703000
716 1.285608 0.705000
717 1.383180 0.711000
718 1.334358 0.706000
719 1.284096 0.714000
720 1.273501 0.700000
721 1.331847 0.708000
722 1.334341 0.717000
723 1.246901 0.713000
724 1.332383 0.707000
725 1.295908 0.716000
726 1.377590 0.709000
727 1.335004 0.717000
728 1.309082 0.704000
729 1.391956 0.725000
730 1.292865 0.709000
731 1.286023 0.707000
732 1.286244 0.705000
733 1.368653 0.714000
734 1.345784 0.712000
735 1.302716 0.722000
736 1.272756 0.708000
737 1.396623 0.721000
738 1.252383 0.704000
739 1.300300 0.708000
740 1.327735 0.716000
741 1.257575 0.696000
742 1.375317 0.716000
743 1.300261 0.714000
744 1.367005 0.715000
745 1.321468 0.716000
746 1.318291 0.700000
747 1.335059 0.719000
748 1.306883 0.712000
749 1.295087 0.713000
750 1.347583 0.716000
751 1.364736 0.721000
752 1.321340 0.726000
753 1.291735 0.727000
754 1.326296 0.712000
755 1.346625 0.715000
756 1.296415 0.704000
757 1.329323 0.712000
758 1.348176 0.712000
759 1.323549 0.713000
760 1.288267 0.713000
761 1.337666 0.713000
762 1.347228 0.708000
763 1.273837 0.708000
764 1.309451 0.708000
765 1.324726 0.715000
766 1.327581 0.714000
767 1.290512 0.716000
768 1.346779 0.721000
769 1.370733 0.722000
770 1.298335 0.696000
771 1.293308 0.713000
772 1.275773 0.711000
773 1.310205 0.723000
774 1.314097 0.721000
775 1.344895 0.710000
776 1.304759 0.719000
777 1.365620 0.727000
778 1.373671 0.739000
779 1.331302 0.728000
780 1.338429 0.722000
781 1.317979 0.715000
782 1.270314 0.714000
783 1.304327 0.717000
784 1.325516 0.724000
785 1.272228 0.720000
786 1.303001 0.712000
787 1.394042 0.711000
788 1.296275 0.718000
789 1.270433 0.722000
790 1.271097 0.709000
791 1.288660 0.713000
792 1.344862 0.739000
793 1.295861 0.720000
794 1.387489 0.731000
795 1.340532 0.722000
796 1.283377 0.723000
797 1.353389 0.728000
798 1.387191 0.729000
799 1.326668 0.736000
800 1.279502 0.724000
801 1.310431 0.728000
802 1.292269 0.717000
803 1.347069 0.730000
804 1.315303 0.724000
805 1.295116 0.722000
806 1.348352 0.728000
807 1.324016 0.721000
808 1.349867 0.728000
809 1.312740 0.725000
810 1.306657 0.725000
811 1.292563 0.723000
812 1.291138 0.722000
813 1.387874 0.721000
814 1.343793 0.723000
815 1.333727 0.720000
816 1.324776 0.724000
817 1.410472 0.727000
818 1.355965 0.733000
819 1.360888 0.742000
820 1.353343 0.737000
821 1.341748 0.723000
822 1.314704 0.745000
823 1.314618 0.734000
824 1.350553 0.726000
825 1.285473 0.727000
826 1.297440 0.726000
827 1.286423 0.735000
828 1.326326 0.736000
829 1.262554 0.718000
830 1.382958 0.736000
831 1.317808 0.730000
832 1.329952 0.727000
833 1.334571 0.739000
834 1.310049 0.739000
835 1.304970 0.735000
836 1.340859 0.732000
837 1.346044 0.735000
838 1.360376 0.757000
839 1.304404 0.738000
840 1.282878 0.722000
841 1.275438 0.735000
842 1.338457 0.752000
843 1.317274 0.724000
844 1.321164 0.729000
845 1.276651 0.730000
846 1.330631 0.744000
847 1.284203 0.742000
848 1.308938 0.744000
849 1.334708 0.739000
850 1.271996 0.726000
851 1.331525 0.742000
852 1.329245 0.740000
853 1.372246 0.734000
854 1.302202 0.728000
855 1.349983 0.746000
856 1.300575 0.732000
857 1.344141 0.738000
858 1.268227 0.721000
859 1.344577 0.734000
860 1.354142 0.735000
861 1.393278 0.724000
862 1.341675 0.734000
863 1.307299 0.717000
864 1.328689 0.724000
865 1.302982 0.725000
866 1.404778 0.739000
867 1.351590 0.738000
868 1.309437 0.729000
869 1.328952 0.721000
870 1.320513 0.727000
871 1.360622 0.741000
872 1.335041 0.728000
873 1.356555 0.741000
874 1.327117 0.739000
875 1.323588 0.730000
876 1.300380 0.721000
877 1.340491 0.728000
878 1.266264 0.733000
879 1.229023 0.717000
880 1.343320 0.738000
881 1.282403 0.733000
882 1.320816 0.739000
883 1.306060 0.731000
884 1.282609 0.731000
885 1.277061 0.727000
886 1.340740 0.744000
887 1.334432 0.735000
888 1.278124 0.729000
889 1.402380 0.738000
890 1.307753 0.746000
891 1.341975 0.734000
892 1.325781 0.711000
893 1.373105 0.737000
894 1.429315 0.734000
895 1.310921 0.728000
896 1.355053 0.734000
897 1.317616 0.741000
898 1.321126 0.736000
899 1.304199 0.733000
900 1.351811 0.757000
901 1.335453 0.735000
902 1.310846 0.727000
903 1.329078 0.734000
904 1.350326 0.745000
905 1.324384 0.734000
906 1.324579 0.727000
907 1.331181 0.734000
908 1.363569 0.730000
909 1.322738 0.731000
910 1.401050 0.736000
911 1.395860 0.736000
912 1.325467 0.739000
913 1.361194 0.748000
914 1.328232 0.716000
915 1.388199 0.752000
916 1.302124 0.740000
917 1.292585 0.740000
918 1.346597 0.743000
919 1.386156 0.740000
920 1.320086 0.748000
921 1.330095 0.756000
922 1.298216 0.724000
923 1.346935 0.755000
924 1.352460 0.754000
925 1.281153 0.739000
926 1.313928 0.748000
927 1.316531 0.733000
928 1.307108 0.729000
929 1.389456 0.752000
930 1.314758 0.742000
931 1.391388 0.756000
932 1.381694 0.749000
933 1.302624 0.739000
934 1.299304 0.755000
935 1.282061 0.743000
936 1.295026 0.765000
937 1.301838 0.752000
938 1.257163 0.748000
939 1.310515 0.751000
940 1.358160 0.755000
941 1.330507 0.755000
942 1.403361 0.765000
943 1.319494 0.749000
944 1.366910 0.766000
945 1.376837 0.751000
946 1.322278 0.763000
947 1.328179 0.762000
948 1.372062 0.763000
949 1.350679 0.751000
950 1.380984 0.752000
951 1.311581 0.743000
952 1.346545 0.755000
953 1.376904 0.757000
954 1.355669 0.768000
955 1.386306 0.774000
956 1.393657 0.758000
957 1.351605 0.769000
958 1.345892 0.775000
959 1.338426 0.757000
960 1.296756 0.769000
961 1.389220 0.773000
962 1.342700 0.756000
963 1.333780 0.765000
964 1.367823 0.775000
965 1.293678 0.767000
966 1.438101 0.776000
967 1.346458 0.773000
968 1.296565 0.773000
969 1.333503 0.771000
970 1.343434 0.767000
971 1.351837 0.768000
972 1.247998 0.749000
973 1.368310 0.775000
974 1.370168 0.771000
975 1.364760 0.768000
976 1.258870 0.760000
977 1.376277 0.760000
978 1.322417 0.761000
979 1.336701 0.766000
980 1.269168 0.750000
981 1.348655 0.777000
982 1.333558 0.768000
983 1.369590 0.760000
984 1.343286 0.774000
985 1.311608 0.762000
986 1.299850 0.763000
987 1.327508 0.765000
988 1.399667 0.770000
989 1.431537 0.787000
990 1.324616 0.756000
991 1.317133 0.766000
992 1.340343 0.753000
993 1.350231 0.769000
994 1.306129 0.763000
995 1.282410 0.763000
996 1.366528 0.766000
997 1.376233 0.781000
998 1.310886 0.769000
999 1.304546 0.773000
