# step avg_reward percentage_opt_action
0 0.030684 0.108000
1 0.294985 0.160000
2 0.429591 0.176000
3 0.578953 0.188000
4 0.562228 0.209000
5 0.599268 0.236000
6 0.679401 0.235000
7 0.707754 0.248000
8 0.723711 0.260000
9 0.821568 0.274000
10 0.745008 0.283000
11 0.817110 0.290000
12 0.848370 0.291000
13 0.853655 0.282000
14 0.846035 0.296000
15 0.841194 0.306000
16 0.864687 0.305000
17 0.852067 0.314000
18 0.899847 0.327000
19 0.827567 0.326000
20 1.008935 0.322000
21 0.913172 0.322000
22 0.921696 0.325000
23 0.927642 0.328000
24 0.927908 0.334000
25 0.897071 0.342000
26 0.986791 0.342000
27 0.920564 0.340000
28 0.903188 0.340000
29 0.941408 0.341000
30 0.987210 0.361000
31 0.915517 0.345000
32 0.992923 0.356000
33 0.973720 0.348000
34 0.989067 0.368000
35 0.973558 0.364000
36 0.951754 0.360000
37 0.967117 0.361000
38 0.960951 0.364000
39 0.959789 0.362000
40 1.016389 0.364000
41 0.990316 0.361000
42 0.945759 0.378000
43 0.966260 0.354000
44 0.963488 0.374000
45 0.974593 0.369000
46 1.013507 0.382000
47 1.069213 0.380000
48 0.944006 0.368000
49 0.966503 0.379000
50 0.965935 0.374000
51 1.001785 0.384000
52 1.026139 0.383000
53 0.977536 0.375000
54 1.063838 0.388000
55 0.999341 0.385000
56 0.980183 0.382000
57 1.031662 0.394000
58 1.056349 0.397000
59 1.056974 0.391000
60 1.010481 0.390000
61 1.017646 0.392000
62 0.992751 0.394000
63 0.966402 0.396000
64 1.040669 0.402000
65 0.996581 0.388000
66 1.013391 0.385000
67 1.054009 0.392000
68 1.080543 0.405000
69 1.037866 0.401000
70 1.059977 0.395000
71 1.046747 0.395000
72 1.003276 0.408000
73 0.978583 0.400000
74 1.032974 0.400000
75 1.042782 0.399000
76 1.082964 0.400000
77 1.001380 0.407000
78 0.960801 0.388000
79 1.053301 0.405000
80 1.059778 0.411000
81 1.093394 0.411000
82 1.112288 0.412000
83 1.000128 0.404000
84 1.025380 0.407000
85 1.031410 0.414000
86 1.008245 0.412000
87 1.061210 0.411000
88 1.034572 0.427000
89 0.984694 0.424000
90 1.055200 0.434000
91 1.016680 0.419000
92 1.012491 0.420000
93 1.093833 0.424000
94 1.085257 0.430000
95 1.087227 0.430000
96 1.057360 0.424000
97 1.027566 0.429000
98 1.075952 0.420000
99 1.054245 0.430000
100 1.027522 0.424000
101 1.078636 0.429000
102 1.050581 0.433000
103 1.062352 0.425000
104 1.103298 0.438000
105 1.058176 0.423000
106 1.036523 0.421000
107 1.079502 0.428000
108 1.055419 0.437000
109 1.035954 0.441000
110 1.067963 0.442000
111 1.056536 0.436000
112 1.123759 0.444000
113 1.042659 0.444000
114 1.068232 0.435000
115 1.103561 0.446000
116 1.076987 0.447000
117 1.036594 0.444000
118 1.106672 0.440000
119 1.055108 0.436000
120 1.108618 0.446000
121 1.098059 0.440000
122 1.102426 0.459000
123 1.074941 0.448000
124 1.067966 0.447000
125 1.160799 0.452000
126 1.044354 0.448000
127 1.064349 0.447000
128 1.117676 0.444000
129 1.117748 0.452000
130 1.137108 0.454000
131 1.084392 0.455000
132 1.095309 0.455000
133 1.039675 0.459000
134 1.098003 0.456000
135 1.106417 0.458000
136 1.105690 0.462000
137 1.081049 0.461000
138 1.070012 0.458000
139 1.142621 0.446000
140 1.082074 0.451000
141 1.109574 0.458000
142 1.055774 0.469000
143 1.058648 0.480000
144 1.087879 0.461000
145 1.170817 0.469000
146 1.079809 0.470000
147 1.109233 0.477000
148 1.132764 0.473000
149 1.159973 0.476000
150 1.114750 0.472000
151 1.145118 0.476000
152 1.172521 0.474000
153 1.123027 0.481000
154 1.114107 0.483000
155 1.108302 0.465000
156 1.119225 0.478000
157 1.077826 0.463000
158 1.131243 0.472000
159 1.129723 0.472000
160 1.096163 0.478000
161 1.099887 0.472000
162 1.100488 0.486000
163 1.152811 0.478000
164 1.106931 0.479000
165 1.140886 0.489000
166 1.106716 0.474000
167 1.179236 0.485000
168 1.169559 0.492000
169 1.144880 0.477000
170 1.164269 0.489000
171 1.140571 0.488000
172 1.131936 0.473000
173 1.123414 0.476000
174 1.018666 0.466000
175 1.072889 0.486000
176 1.080478 0.487000
177 1.138791 0.484000
178 1.097613 0.491000
179 1.129298 0.500000
180 1.083007 0.492000
181 1.225963 0.504000
182 1.145622 0.505000
183 1.142233 0.503000
184 1.172437 0.495000
185 1.226190 0.506000
186 1.157035 0.505000
187 1.106498 0.487000
188 1.190810 0.504000
189 1.107461 0.492000
190 1.169603 0.497000
191 1.166206 0.497000
192 1.098294 0.487000
193 1.169460 0.503000
194 1.170556 0.505000
195 1.183778 0.506000
196 1.153701 0.504000
197 1.152596 0.513000
198 1.161799 0.499000
199 1.203776 0.498000
200 1.130053 0.498000
201 1.214680 0.521000
202 1.174173 0.507000
203 1.064941 0.508000
204 1.145306 0.508000
205 1.155181 0.498000
206 1.147953 0.512000
207 1.201953 0.516000
208 1.192281 0.517000
209 1.233576 0.522000
210 1.115475 0.509000
211 1.137598 0.506000
212 1.101560 0.503000
213 1.112823 0.512000
214 1.178445 0.510000
215 1.231349 0.514000
216 1.137369 0.517000
217 1.163650 0.519000
218 1.185579 0.501000
219 1.154786 0.515000
220 1.135754 0.516000
221 1.130432 0.512000
222 1.229871 0.506000
223 1.088389 0.510000
224 1.153832 0.512000
225 1.196163 0.517000
226 1.168264 0.516000
227 1.197170 0.527000
228 1.246787 0.520000
229 1.212016 0.528000
230 1.156564 0.526000
231 1.202651 0.543000
232 1.172193 0.526000
233 1.152614 0.527000
234 1.164692 0.526000
235 1.172277 0.522000
236 1.203884 0.534000
237 1.212021 0.523000
238 1.163772 0.521000
239 1.166053 0.540000
240 1.203901 0.536000
241 1.116352 0.536000
242 1.162756 0.536000
243 1.171046 0.523000
244 1.161376 0.529000
245 1.145984 0.527000
246 1.218738 0.540000
247 1.101831 0.533000
248 1.114459 0.521000
249 1.179405 0.513000
250 1.158756 0.537000
251 1.189518 0.539000
252 1.163755 0.534000
253 1.086598 0.524000
254 1.150548 0.529000
255 1.153489 0.543000
256 1.180298 0.548000
257 1.214542 0.546000
258 1.190546 0.528000
259 1.202046 0.547000
260 1.145750 0.542000
261 1.173477 0.547000
262 1.143409 0.541000
263 1.185052 0.552000
264 1.231390 0.547000
265 1.227651 0.551000
266 1.126768 0.548000
267 1.204254 0.551000
268 1.176794 0.549000
269 1.182859 0.554000
270 1.191415 0.566000
271 1.231847 0.564000
272 1.210408 0.556000
273 1.177071 0.557000
274 1.135227 0.560000
275 1.209339 0.555000
276 1.174966 0.550000
277 1.223568 0.567000
278 1.204219 0.557000
279 1.191613 0.556000
280 1.171194 0.561000
281 1.216520 0.584000
282 1.132342 0.552000
283 1.231383 0.559000
284 1.193099 0.573000
285 1.311868 0.553000
286 1.232249 0.558000
287 1.218084 0.566000
288 1.185806 0.578000
289 1.268183 0.569000
290 1.209093 0.578000
291 1.226984 0.567000
292 1.205497 0.560000
293 1.276120 0.568000
294 1.242490 0.568000
295 1.252992 0.577000
296 1.098581 0.563000
297 1.284580 0.582000
298 1.213769 0.572000
299 1.199066 0.564000
300 1.146121 0.571000
301 1.129562 0.561000
302 1.194157 0.583000
303 1.213903 0.573000
304 1.157882 0.563000
305 1.201655 0.586000
306 1.246833 0.579000
307 1.234708 0.586000
308 1.216869 0.575000
309 1.202322 0.571000
310 1.185186 0.588000
311 1.187404 0.579000
312 1.143329 0.577000
313 1.247757 0.592000
314 1.200625 0.581000
315 1.166299 0.585000
316 1.221637 0.578000
317 1.246475 0.590000
318 1.246574 0.578000
319 1.221407 0.593000
320 1.218655 0.576000
321 1.182001 0.581000
322 1.193114 0.586000
323 1.142472 0.566000
324 1.265504 0.588000
325 1.289243 0.582000
326 1.207812 0.587000
327 1.211581 0.577000
328 1.170842 0.590000
329 1.235792 0.589000
330 1.252182 0.592000
331 1.187389 0.582000
332 1.233246 0.601000
333 1.196941 0.587000
334 1.214231 0.586000
335 1.184460 0.589000
336 1.221174 0.595000
337 1.212724 0.587000
338 1.214191 0.593000
339 1.222414 0.581000
340 1.198473 0.588000
341 1.202995 0.592000
342 1.206212 0.600000
343 1.240086 0.603000
344 1.253216 0.604000
345 1.204209 0.599000
346 1.258990 0.587000
347 1.164521 0.587000
348 1.259378 0.594000
349 1.192381 0.598000
350 1.195311 0.592000
351 1.219486 0.579000
352 1.202638 0.614000
353 1.274972 0.593000
354 1.259201 0.594000
355 1.225047 0.584000
356 1.172943 0.592000
357 1.270170 0.598000
358 1.249168 0.594000
359 1.229717 0.602000
360 1.183697 0.596000
361 1.228522 0.589000
362 1.162373 0.602000
363 1.203212 0.592000
364 1.257491 0.593000
365 1.255912 0.595000
366 1.240641 0.602000
367 1.245320 0.601000
368 1.264883 0.595000
369 1.234917 0.601000
370 1.230087 0.598000
371 1.229731 0.627000
372 1.265417 0.601000
373 1.266167 0.611000
374 1.202611 0.612000
375 1.180425 0.597000
376 1.259969 0.605000
377 1.259053 0.614000
378 1.319883 0.613000
379 1.217043 0.614000
380 1.282967 0.593000
381 1.259006 0.603000
382 1.191940 0.599000
383 1.256208 0.612000
384 1.219031 0.611000
385 1.270437 0.624000
386 1.255151 0.619000
387 1.227102 0.609000
388 1.262705 0.615000
389 1.256239 0.608000
390 1.277020 0.622000
391 1.196142 0.598000
392 1.263329 0.617000
393 1.257245 0.622000
394 1.271380 0.623000
395 1.230212 0.636000
396 1.258761 0.624000
397 1.285412 0.627000
398 1.303049 0.630000
399 1.290341 0.632000
400 1.300413 0.625000
401 1.277764 0.622000
402 1.225905 0.605000
403 1.200681 0.620000
404 1.204388 0.609000
405 1.246736 0.625000
406 1.208952 0.610000
407 1.226642 0.605000
408 1.271398 0.626000
409 1.281290 0.638000
410 1.222958 0.617000
411 1.211240 0.613000
412 1.239839 0.628000
413 1.235378 0.629000
414 1.263081 0.634000
415 1.280801 0.624000
416 1.291206 0.618000
417 1.248803 0.627000
418 1.311262 0.619000
419 1.247419 0.616000
420 1.233294 0.624000
421 1.260093 0.633000
422 1.280196 0.612000
423 1.240209 0.616000
424 1.246602 0.619000
425 1.227121 0.617000
426 1.236324 0.621000
427 1.227357 0.628000
428 1.240600 0.619000
429 1.199917 0.634000
430 1.194787 0.618000
431 1.206687 0.634000
432 1.231757 0.640000
433 1.189303 0.616000
434 1.218610 0.620000
435 1.179309 0.622000
436 1.257093 0.631000
437 1.236319 0.633000
438 1.253645 0.637000
439 1.300472 0.623000
440 1.254695 0.632000
441 1.207231 0.631000
442 1.234290 0.616000
443 1.211351 0.620000
444 1.260877 0.633000
445 1.230063 0.639000
446 1.285023 0.631000
447 1.265435 0.641000
448 1.241933 0.635000
449 1.285209 0.634000
450 1.295412 0.627000
451 1.276788 0.646000
452 1.271495 0.644000
453 1.220104 0.644000
454 1.312597 0.642000
455 1.186498 0.631000
456 1.205984 0.633000
457 1.253680 0.647000
458 1.281509 0.652000
459 1.324038 0.637000
460 1.258889 0.646000
461 1.216853 0.641000
462 1.296549 0.646000
463 1.257726 0.651000
464 1.287320 0.644000
465 1.306545 0.647000
466 1.243197 0.638000
467 1.340206 0.641000
468 1.239131 0.649000
469 1.233625 0.637000
470 1.285736 0.644000
471 1.223910 0.639000
472 1.217565 0.642000
473 1.233685 0.654000
474 1.247362 0.641000
475 1.212021 0.638000
476 1.307292 0.637000
477 1.249218 0.643000
478 1.303236 0.646000
479 1.273232 0.647000
480 1.205890 0.653000
481 1.325606 0.647000
482 1.196775 0.641000
483 1.283614 0.645000
484 1.228652 0.648000
485 1.286050 0.642000
486 1.322816 0.635000
487 1.263679 0.654000
488 1.216706 0.650000
489 1.253766 0.659000
490 1.220206 0.670000
491 1.283782 0.660000
492 1.283309 0.656000
493 1.264916 0.664000
494 1.283086 0.653000
495 1.310788 0.649000
496 1.303922 0.651000
497 1.248244 0.652000
498 1.366238 0.669000
499 1.248084 0.654000
500 1.318859 0.663000
501 1.281840 0.673000
502 1.252273 0.671000
503 1.259863 0.664000
504 1.289713 0.656000
505 1.301513 0.672000
506 1.290607 0.667000
507 1.295432 0.657000
508 1.295914 0.658000
509 1.261372 0.644000
510 1.245569 0.660000
511 1.278229 0.662000
512 1.320439 0.655000
513 1.282356 0.664000
514 1.250141 0.669000
515 1.272536 0.644000
516 1.313537 0.668000
517 1.235921 0.662000
518 1.310306 0.667000
519 1.223245 0.661000
520 1.263897 0.661000
521 1.195295 0.643000
522 1.233461 0.661000
523 1.301913 0.678000
524 1.251198 0.661000
525 1.262328 0.658000
526 1.284899 0.668000
527 1.273195 0.657000
528 1.223274 0.654000
529 1.272960 0.665000
530 1.281414 0.660000
531 1.228640 0.660000
532 1.276019 0.670000
533 1.316364 0.659000
534 1.242243 0.651000
535 1.255263 0.642000
536 1.278813 0.666000
537 1.336263 0.652000
538 1.228972 0.655000
539 1.263723 0.661000
540 1.316357 0.660000
541 1.290282 0.661000
542 1.223434 0.662000
543 1.323357 0.657000
544 1.203346 0.643000
545 1.308758 0.671000
546 1.218682 0.660000
547 1.254979 0.651000
548 1.310374 0.675000
549 1.277990 0.649000
550 1.241377 0.650000
551 1.340964 0.669000
552 1.260252 0.660000
553 1.271986 0.665000
554 1.315966 0.662000
555 1.241005 0.670000
556 1.232897 0.656000
557 1.304859 0.653000
558 1.337477 0.675000
559 1.279006 0.664000
560 1.243221 0.670000
561 1.268260 0.652000
562 1.287333 0.674000
563 1.279264 0.670000
564 1.289617 0.666000
565 1.234899 0.658000
566 1.310085 0.678000
567 1.307259 0.685000
568 1.277774 0.666000
569 1.280463 0.662000
570 1.258876 0.669000
571 1.310764 0.675000
572 1.313348 0.673000
573 1.321796 0.683000
574 1.324183 0.693000
575 1.270925 0.690000
576 1.288079 0.674000
577 1.277282 0.679000
578 1.242778 0.678000
579 1.287948 0.688000
580 1.319346 0.690000
581 1.330885 0.682000
582 1.305326 0.691000
583 1.266055 0.694000
584 1.278065 0.687000
585 1.187162 0.681000
586 1.274384 0.684000
587 1.316132 0.688000
588 1.322401 0.690000
589 1.327218 0.688000
590 1.284680 0.687000
591 1.332467 0.697000
592 1.325393 0.693000
593 1.255166 0.689000
594 1.239873 0.682000
595 1.327890 0.693000
596 1.310845 0.696000
597 1.318023 0.687000
598 1.228317 0.673000
599 1.278422 0.688000
600 1.314069 0.693000
601 1.286152 0.685000
602 1.314312 0.681000
603 1.295329 0.697000
604 1.302768 0.709000
605 1.299901 0.680000
606 1.288175 0.681000
607 1.307015 0.682000
608 1.263000 0.675000
609 1.273274 0.688000
610 1.260791 0.686000
611 1.290539 0.678000
612 1.223852 0.694000
613 1.340789 0.691000
614 1.310514 0.686000
615 1.305069 0.689000
616 1.328334 0.694000
617 1.299536 0.696000
618 1.308103 0.686000
619 1.325674 0.693000
620 1.330115 0.685000
621 1.244626 0.695000
622 1.325983 0.707000
623 1.376519 0.700000
624 1.297987 0.718000
625 1.245401 0.702000
626 1.287288 0.698000
627 1.308525 0.689000
628 1.340508 0.695000
629 1.204484 0.670000
630 1.259784 0.696000
631 1.337103 0.698000
632 1.282067 0.696000
633 1.279558 0.692000
634 1.251335 0.699000
635 1.316378 0.701000
636 1.252318 0.685000
637 1.343572 0.702000
638 1.234913 0.695000
639 1.261713 0.695000
640 1.249544 0.704000
641 1.265898 0.689000
642 1.379177 0.705000
643 1.253700 0.694000
644 1.253405 0.688000
645 1.296081 0.702000
646 1.327010 0.708000
647 1.306109 0.713000
648 1.300330 0.698000
649 1.261526 0.710000
650 1.285529 0.695000
651 1.239929 0.709000
652 1.372356 0.708000
653 1.307119 0.701000
654 1.264964 0.706000
655 1.281184 0.701000
656 1.294407 0.703000
657 1.304484 0.723000
658 1.279262 0.717000
659 1.308765 0.712000
660 1.294450 0.715000
661 1.328515 0.704000
662 1.298753 0.711000
663 1.319164 0.720000
664 1.424066 0.718000
665 1.282609 0.712000
666 1.315519 0.705000
667 1.278862 0.699000
668 1.307753 0.731000
669 1.295615 0.715000
670 1.304260 0.699000
671 1.328373 0.722000
672 1.305941 0.706000
673 1.365385 0.729000
674 1.291091 0.725000
675 1.396645 0.730000
676 1.318192 0.722000
677 1.334960 0.725000
678 1.351869 0.724000
679 1.292621 0.710000
680 1.316885 0.721000
681 1.289782 0.719000
682 1.317695 0.709000
683 1.286758 0.718000
684 1.265212 0.706000
685 1.306608 0.711000
686 1.254361 0.699000
687 1.306715 0.712000
688 1.339219 0.725000
689 1.295495 0.725000
690 1.269916 0.727000
691 1.360453 0.720000
692 1.325185 0.719000
693 1.267987 0.713000
694 1.371037 0.733000
695 1.311134 0.719000
696 1.306800 0.700000
697 1.393325 0.727000
698 1.315097 0.726000
699 1.300183 0.697000
700 1.364296 0.718000
701 1.292082 0.718000
702 1.306654 0.706000
703 1.349999 0.713000
704 1.347579 0.718000
705 1.334749 0.724000
706 1.280095 0.698000
707 1.325120 0.725000
708 1.306344 0.715000
709 1.295416 0.726000
710 1.382915 0.722000
711 1.341644 0.738000
712 1.296316 0.721000
713 1.223721 0.717000
714 1.298698 0.708000
715 1.322243 0.720000
716 1.300254 0.724000
717 1.390491 0.733000
718 1.313033 0.699000
719 1.315168 0.716000
720 1.339969 0.733000
721 1.290161 0.704000
722 1.262097 0.719000
723 1.351329 0.707000
724 1.285708 0.721000
725 1.326191 0.729000
726 1.232557 0.703000
727 1.300276 0.720000
728 1.339374 0.712000
729 1.287853 0.721000
730 1.360843 0.729000
731 1.326209 0.719000
732 1.352990 0.723000
733 1.267402 0.717000
734 1.339345 0.739000
735 1.284532 0.708000
736 1.278186 0.712000
737 1.297284 0.722000
738 1.289353 0.718000
739 1.269774 0.716000
740 1.328739 0.702000
741 1.306762 0.728000
742 1.326759 0.717000
743 1.370706 0.717000
744 1.312809 0.719000
745 1.347007 0.710000
746 1.366287 0.717000
747 1.348552 0.727000
748 1.379386 0.738000
749 1.299038 0.717000
750 1.261092 0.720000
751 1.275344 0.727000
752 1.288334 0.718000
753 1.383149 0.735000
754 1.362231 0.725000
755 1.251481 0.721000
756 1.278449 0.712000
757 1.355699 0.727000
758 1.352707 0.727000
759 1.372819 0.723000
760 1.314295 0.718000
761 1.360913 0.724000
762 1.365277 0.724000
763 1.289936 0.724000
764 1.340731 0.731000
765 1.273151 0.716000
766 1.377143 0.728000
767 1.378207 0.720000
768 1.318190 0.719000
769 1.357250 0.723000
770 1.310727 0.714000
771 1.365068 0.729000
772 1.313406 0.719000
773 1.329268 0.722000
774 1.348343 0.725000
775 1.301085 0.707000
776 1.303792 0.719000
777 1.297647 0.720000
778 1.264417 0.718000
779 1.296167 0.718000
780 1.293813 0.725000
781 1.327690 0.725000
782 1.317869 0.716000
783 1.324622 0.712000
784 1.305288 0.709000
785 1.282564 0.716000
786 1.223379 0.705000
787 1.268371 0.714000
788 1.297414 0.718000
789 1.311759 0.726000
790 1.353095 0.730000
791 1.299688 0.722000
792 1.290800 0.718000
793 1.350355 0.743000
794 1.326782 0.716000
795 1.322199 0.711000
796 1.321569 0.727000
797 1.303312 0.718000
798 1.315028 0.734000
799 1.256843 0.707000
800 1.329740 0.714000
801 1.337061 0.713000
802 1.283515 0.717000
803 1.313695 0.727000
804 1.291400 0.725000
805 1.350215 0.730000
806 1.341828 0.732000
807 1.372107 0.739000
808 1.287869 0.711000
809 1.345400 0.722000
810 1.341199 0.745000
811 1.374714 0.721000
812 1.337269 0.720000
813 1.316528 0.722000
814 1.290916 0.700000
815 1.254673 0.709000
816 1.265044 0.715000
817 1.325943 0.726000
818 1.376750 0.727000
819 1.343413 0.737000
820 1.243539 0.723000
821 1.364876 0.747000
822 1.347225 0.737000
823 1.293186 0.722000
824 1.329526 0.730000
825 1.271900 0.728000
826 1.338059 0.726000
827 1.329389 0.719000
828 1.310510 0.718000
829 1.341015 0.742000
830 1.325618 0.734000
831 1.403776 0.749000
832 1.315045 0.723000
833 1.269147 0.724000
834 1.338560 0.741000
835 1.273269 0.732000
836 1.365486 0.740000
837 1.305395 0.732000
838 1.368249 0.748000
839 1.360000 0.746000
840 1.318316 0.725000
841 1.322919 0.729000
842 1.290684 0.728000
843 1.278774 0.729000
844 1.385006 0.736000
845 1.309009 0.732000
846 1.300767 0.736000
847 1.306553 0.738000
848 1.238040 0.717000
849 1.333843 0.724000
850 1.368699 0.727000
851 1.321349 0.718000
852 1.304414 0.736000
853 1.296493 0.739000
854 1.376504 0.744000
855 1.294968 0.728000
856 1.352084 0.746000
857 1.311692 0.738000
858 1.310406 0.731000
859 1.285257 0.733000
860 1.329848 0.733000
861 1.233323 0.732000
862 1.366966 0.733000
863 1.340520 0.737000
864 1.295920 0.739000
865 1.321754 0.748000
866 1.316456 0.736000
867 1.299478 0.737000
868 1.366778 0.751000
869 1.316901 0.738000
870 1.370360 0.745000
871 1.276168 0.733000
872 1.408891 0.749000
873 1.321301 0.743000
874 1.321282 0.737000
875 1.373846 0.747000
876 1.323374 0.740000
877 1.370578 0.743000
878 1.375231 0.756000
879 1.360852 0.760000
880 1.368008 0.748000
881 1.338466 0.738000
882 1.288322 0.736000
883 1.398529 0.743000
884 1.365478 0.749000
885 1.367297 0.749000
886 1.302161 0.739000
887 1.370103 0.739000
888 1.341865 0.740000
889 1.343489 0.736000
890 1.359770 0.738000
891 1.374861 0.740000
892 1.368317 0.738000
893 1.311957 0.739000
894 1.325775 0.739000
895 1.346718 0.751000
896 1.302793 0.742000
897 1.380697 0.755000
898 1.319539 0.760000
899 1.354046 0.738000
900 1.297260 0.753000
901 1.380769 0.759000
902 1.356087 0.752000
903 1.365133 0.758000
904 1.329498 0.754000
905 1.346036 0.734000
906 1.257964 0.744000
907 1.410425 0.773000
908 1.258011 0.756000
909 1.320537 0.740000
910 1.343791 0.761000
911 1.365085 0.768000
912 1.317356 0.758000
913 1.335078 0.764000
914 1.332861 0.759000
915 1.338691 0.752000
916 1.313553 0.758000
917 1.304895 0.735000
918 1.417322 0.761000
919 1.314936 0.747000
920 1.374408 0.750000
921 1.334018 0.736000
922 1.317203 0.745000
923 1.364058 0.753000
924 1.342240 0.756000
925 1.272327 0.739000
926 1.362811 0.761000
927 1.340413 0.763000
928 1.346321 0.744000
929 1.335128 0.741000
930 1.313205 0.746000
931 1.321920 0.755000
932 1.248303 0.747000
933 1.397905 0.744000
934 1.339038 0.741000
935 1.297483 0.724000
936 1.358266 0.740000
937 1.397744 0.753000
938 1.326007 0.747000
939 1.412905 0.754000
940 1.296557 0.735000
941 1.314372 0.750000
942 1.355309 0.761000
943 1.342176 0.734000
944 1.264406 0.741000
945 1.341541 0.749000
946 1.398206 0.755000
947 1.274378 0.742000
948 1.280115 0.744000
949 1.387804 0.740000
950 1.282827 0.741000
951 1.363534 0.750000
952 1.407547 0.760000
953 1.235042 0.733000
954 1.343073 0.754000
955 1.406076 0.755000
956 1.345484 0.730000
957 1.399543 0.740000
958 1.317191 0.739000
959 1.411986 0.753000
960 1.321215 0.751000
961 1.344122 0.746000
962 1.306103 0.750000
963 1.394437 0.745000
964 1.368940 0.735000
965 1.333472 0.743000
966 1.335046 0.752000
967 1.317691 0.752000
968 1.368320 0.756000
969 1.323691 0.752000
970 1.341718 0.750000
971 1.321856 0.756000
972 1.370613 0.757000
973 1.325269 0.747000
974 1.335312 0.757000
975 1.389592 0.770000
976 1.359579 0.749000
977 1.326982 0.753000
978 1.392879 0.756000
979 1.375201 0.759000
980 1.294272 0.746000
981 1.345194 0.755000
982 1.351129 0.755000
983 1.373153 0.750000
984 1.351370 0.754000
985 1.373968 0.760000
986 1.293957 0.735000
987 1.376952 0.763000
988 1.326902 0.763000
989 1.309879 0.739000
990 1.374591 0.755000
991 1.335605 0.747000
992 1.300015 0.747000
993 1.286946 0.751000
994 1.352822 0.739000
995 1.363012 0.753000
996 1.272145 0.742000
997 1.351793 0.757000
998 1.360900 0.759000
999 1.376029 0.757000
